0.486246 1.255547 0.809097
0.486246 1.255547 0.000632
-0.362004 1.295358 0.809097
-0.362004 1.295358 0.000632
0.492856 1.396384 0.809097
0.492856 1.396384 0.000632
-0.355394 1.436195 0.809097
-0.355394 1.436195 0.000632
0.258757 -0.447855 0.809097
0.258757 -0.447855 0.000632
-0.398685 -0.416999 0.809097
-0.398685 -0.416999 0.000632
0.263330 -0.350422 0.809097
0.263330 -0.350422 0.000632
-0.394112 -0.319566 0.809097
-0.394112 -0.319566 0.000632
2.060010 1.512544 1.324071
2.060010 1.512544 -0.000995
1.990794 -0.610479 1.324071
1.990794 -0.610479 -0.000995
1.947363 1.516216 1.324071
1.947363 1.516216 -0.000995
1.878148 -0.606806 1.324071
1.878148 -0.606806 -0.000995
1.968871 1.319711 1.324071
1.968871 1.319711 -0.000995
-0.363650 1.429183 1.324071
-0.363650 1.429183 -0.000995
1.978387 1.522449 1.324071
1.978387 1.522449 -0.000995
-0.354135 1.631922 1.324071
-0.354135 1.631922 -0.000995
1.932428 1.183566 0.838521
1.932428 1.183566 0.004079
1.143295 1.220602 0.838521
1.143295 1.220602 0.004079
1.939039 1.324412 0.838521
1.939039 1.324412 0.004079
1.149905 1.361448 0.838521
1.149905 1.361448 0.004079
1.871672 -0.602187 1.324071
1.871672 -0.602187 -0.000995
1.124553 -0.567123 1.324071
1.124553 -0.567123 -0.000995
1.876251 -0.504636 1.324071
1.876251 -0.504636 -0.000995
1.129131 -0.469571 1.324071
1.129131 -0.469571 -0.000995
0.305902 -0.540837 1.324071
0.305902 -0.540837 -0.000995
-0.401780 -0.507624 1.324071
-0.401780 -0.507624 -0.000995
0.310480 -0.443298 1.324071
0.310480 -0.443298 -0.000995
-0.397202 -0.410084 1.324071
-0.397202 -0.410084 -0.000995
1.728217 -0.469889 0.809097
1.728217 -0.469889 0.000632
1.782901 1.236204 0.809097
1.782901 1.236204 0.000632
1.891304 -0.475116 0.809097
1.891304 -0.475116 0.000632
1.945988 1.230977 0.809097
1.945988 1.230977 0.000632
1.879308 -0.510273 0.809097
1.879308 -0.510273 0.000632
1.157152 -0.476380 0.809097
1.157152 -0.476380 0.000632
1.883882 -0.412819 0.809097
1.883882 -0.412819 0.000632
1.161726 -0.378926 0.809097
1.161726 -0.378926 0.000632
-0.334801 1.640714 1.324071
-0.334801 1.640714 -0.000995
-0.405026 -0.513267 1.324071
-0.405026 -0.513267 -0.000995
-0.447449 1.644386 1.324071
-0.447449 1.644386 -0.000995
-0.517675 -0.509594 1.324071
-0.517675 -0.509594 -0.000995
-0.430164 -0.364720 0.809097
-0.430164 -0.364720 0.000632
-0.375515 1.340308 0.809097
-0.375515 1.340308 0.000632
-0.263407 -0.370064 0.809097
-0.263407 -0.370064 0.000632
-0.208757 1.334963 0.809097
-0.208757 1.334963 0.000632
0.320797 1.415290 0.472647
0.320797 1.415290 -0.003678
0.260391 -0.437506 0.472647
0.260391 -0.437506 -0.003678
-0.342202 1.436905 0.472647
-0.342202 1.436905 -0.003678
-0.402608 -0.415891 0.472647
-0.402608 -0.415891 -0.003678
1.951610 1.347816 0.472647
1.951610 1.347816 -0.003678
1.924699 -0.505831 0.472647
1.924699 -0.505831 -0.003678
1.191029 1.358858 0.472647
1.191029 1.358858 -0.003678
1.164118 -0.494789 0.472647
1.164118 -0.494789 -0.003678
