-1.725711 0.290116 0.392572
-1.725711 0.291331 0.458580
-1.708546 0.276419 0.392824
-1.708546 0.277635 0.458832
-1.693820 0.260659 0.393115
-1.693820 0.261875 0.459123
-1.682100 0.243441 0.393432
-1.682100 0.244657 0.459440
-1.673835 0.225427 0.393763
-1.673835 0.226643 0.459771
-1.669344 0.207309 0.394097
-1.669344 0.208525 0.460105
-1.668798 0.189783 0.394420
-1.668798 0.190999 0.460428
-1.672218 0.173523 0.394719
-1.672218 0.174739 0.460727
-1.679474 0.159154 0.394984
-1.679474 0.160369 0.460992
-1.690287 0.147228 0.395203
-1.690287 0.148443 0.461211
-1.704240 0.138202 0.395369
-1.704240 0.139418 0.461377
-1.720798 0.132425 0.395476
-1.720798 0.133641 0.461484
-1.739325 0.130118 0.395518
-1.739325 0.131333 0.461526
-1.759107 0.131370 0.395495
-1.759107 0.132585 0.461503
-1.779386 0.136132 0.395407
-1.779386 0.137347 0.461416
-1.799382 0.144221 0.395259
-1.799382 0.145437 0.461267
-1.818326 0.155328 0.395054
-1.818326 0.156543 0.461062
-1.835491 0.169024 0.394802
-1.835491 0.170240 0.460810
-1.850217 0.184784 0.394512
-1.850217 0.186000 0.460520
-1.861937 0.202002 0.394195
-1.861937 0.203218 0.460203
-1.870202 0.220016 0.393863
-1.870202 0.221232 0.459871
-1.874694 0.238134 0.393529
-1.874694 0.239350 0.459537
-1.875239 0.255660 0.393207
-1.875239 0.256876 0.459215
-1.871819 0.271920 0.392907
-1.871819 0.273136 0.458915
-1.864563 0.286290 0.392643
-1.864563 0.287505 0.458651
-1.853750 0.298216 0.392423
-1.853750 0.299432 0.458431
-1.839797 0.307241 0.392257
-1.839797 0.308457 0.458265
-1.823239 0.313019 0.392150
-1.823239 0.314234 0.458159
-1.804713 0.315326 0.392108
-1.804713 0.316541 0.458116
-1.784930 0.314074 0.392131
-1.784930 0.315290 0.458139
-1.764651 0.309312 0.392219
-1.764651 0.310527 0.458227
-1.744655 0.301222 0.392368
-1.744655 0.302438 0.458376
0.304105 1.475354 0.356041
0.306863 1.475354 0.421989
0.303419 1.466222 0.356069
0.306177 1.466222 0.422018
0.301387 1.457441 0.356154
0.304145 1.457441 0.422103
0.298086 1.449348 0.356292
0.300844 1.449348 0.422241
0.293645 1.442255 0.356478
0.296403 1.442255 0.422427
0.288233 1.436434 0.356704
0.290991 1.436434 0.422653
0.282059 1.432108 0.356963
0.284817 1.432108 0.422911
0.275359 1.429445 0.357243
0.278117 1.429445 0.423191
0.268392 1.428545 0.357534
0.271150 1.428545 0.423483
0.261424 1.429445 0.357825
0.264182 1.429445 0.423774
0.254725 1.432108 0.358106
0.257483 1.432108 0.424054
0.248550 1.436434 0.358364
0.251308 1.436434 0.424313
0.243138 1.442255 0.358590
0.245896 1.442255 0.424539
0.238697 1.449348 0.358776
0.241455 1.449348 0.424725
0.235397 1.457441 0.358914
0.238155 1.457441 0.424863
0.233364 1.466222 0.358999
0.236122 1.466222 0.424948
0.232678 1.475354 0.359028
0.235436 1.475354 0.424976
0.233364 1.484486 0.358999
0.236122 1.484486 0.424948
0.235397 1.493267 0.358914
0.238155 1.493267 0.424863
0.238697 1.501360 0.358776
0.241455 1.501360 0.424725
0.243138 1.508453 0.358590
0.245896 1.508453 0.424539
0.248550 1.514274 0.358364
0.251308 1.514274 0.424313
0.254725 1.518600 0.358106
0.257483 1.518600 0.424054
0.261424 1.521264 0.357825
0.264182 1.521264 0.423774
0.268392 1.522163 0.357534
0.271150 1.522163 0.423483
0.275359 1.521264 0.357243
0.278117 1.521264 0.423191
0.282059 1.518600 0.356963
0.284817 1.518600 0.422911
0.288233 1.514274 0.356704
0.290991 1.514274 0.422653
0.293645 1.508453 0.356478
0.296403 1.508453 0.422427
0.298086 1.501360 0.356292
0.300844 1.501360 0.422241
0.301387 1.493267 0.356154
0.304145 1.493267 0.422103
0.303419 1.484486 0.356069
0.306177 1.484486 0.422018
