2.213820 0.857610 0.780176
2.213820 0.857610 1.056791
2.233896 0.901687 0.780176
2.233896 0.901687 1.056791
2.258838 0.941915 0.780176
2.258838 0.941915 1.056791
2.287688 0.976749 0.780176
2.287688 0.976749 1.056791
2.319337 1.004850 0.780176
2.319337 1.004850 1.056791
2.352568 1.025138 0.780176
2.352568 1.025138 1.056791
2.386105 1.036834 0.780176
2.386105 1.036834 1.056791
2.418658 1.039487 0.780176
2.418658 1.039487 1.056791
2.448978 1.032996 0.780176
2.448978 1.032996 1.056791
2.475898 1.017611 0.780176
2.475898 1.017611 1.056791
2.498384 0.993922 0.780176
2.498384 0.993922 1.056791
2.515571 0.962840 0.780176
2.515571 0.962840 1.056791
2.526801 0.925560 0.780176
2.526801 0.925560 1.056791
2.531640 0.883514 0.780176
2.531640 0.883514 1.056791
2.529903 0.838317 0.780176
2.529903 0.838317 1.056791
2.521657 0.791708 0.780176
2.521657 0.791708 1.056791
2.507218 0.745476 0.780176
2.507218 0.745476 1.056791
2.487142 0.701399 0.780176
2.487142 0.701399 1.056791
2.462199 0.661170 0.780176
2.462199 0.661170 1.056791
2.433349 0.626336 0.780176
2.433349 0.626336 1.056791
2.401701 0.598235 0.780176
2.401701 0.598235 1.056791
2.368469 0.577947 0.780176
2.368469 0.577947 1.056791
2.334933 0.566252 0.780176
2.334933 0.566252 1.056791
2.302379 0.563599 0.780176
2.302379 0.563599 1.056791
2.272060 0.570089 0.780176
2.272060 0.570089 1.056791
2.245140 0.585475 0.780176
2.245140 0.585475 1.056791
2.222654 0.609164 0.780176
2.222654 0.609164 1.056791
2.205466 0.640245 0.780176
2.205466 0.640245 1.056791
2.194237 0.677526 0.780176
2.194237 0.677526 1.056791
2.189398 0.719572 0.780176
2.189398 0.719572 1.056791
2.191135 0.764768 0.780176
2.191135 0.764768 1.056791
2.199381 0.811378 0.780176
2.199381 0.811378 1.056791
0.462729 2.165356 0.013291
0.462729 2.165356 0.289907
0.479910 2.210640 0.013291
0.479910 2.210640 0.289907
0.502195 2.252399 0.013291
0.502195 2.252399 0.289907
0.528730 2.289028 0.013291
0.528730 2.289028 0.289907
0.558493 2.319119 0.013291
0.558493 2.319119 0.289907
0.590341 2.341516 0.013291
0.590341 2.341516 0.289907
0.623050 2.355358 0.013291
0.623050 2.355358 0.289907
0.655364 2.360113 0.013291
0.655364 2.360113 0.289907
0.686040 2.355598 0.013291
0.686040 2.355598 0.289907
0.713899 2.341988 0.013291
0.713899 2.341988 0.289907
0.737871 2.319805 0.013291
0.737871 2.319805 0.289907
0.757035 2.289901 0.013291
0.757035 2.289901 0.289907
0.770654 2.253426 0.013291
0.770654 2.253426 0.289907
0.778205 2.211781 0.013291
0.778205 2.211781 0.289907
0.779398 2.166567 0.013291
0.779398 2.166567 0.289907
0.774187 2.119521 0.013291
0.774187 2.119521 0.289907
0.762771 2.072452 0.013291
0.762771 2.072452 0.289907
0.745590 2.027168 0.013291
0.745590 2.027168 0.289907
0.723305 1.985409 0.013291
0.723305 1.985409 0.289907
0.696771 1.948780 0.013291
0.696771 1.948780 0.289907
0.667008 1.918689 0.013291
0.667008 1.918689 0.289907
0.635159 1.896292 0.013291
0.635159 1.896292 0.289907
0.602450 1.882450 0.013291
0.602450 1.882450 0.289907
0.570137 1.877695 0.013291
0.570137 1.877695 0.289907
0.539461 1.882209 0.013291
0.539461 1.882209 0.289907
0.511601 1.895820 0.013291
0.511601 1.895820 0.289907
0.487629 1.918003 0.013291
0.487629 1.918003 0.289907
0.468465 1.947907 0.013291
0.468465 1.947907 0.289907
0.454846 1.984382 0.013291
0.454846 1.984382 0.289907
0.447295 2.026027 0.013291
0.447295 2.026027 0.289907
0.446102 2.071241 0.013291
0.446102 2.071241 0.289907
0.451314 2.118287 0.013291
0.451314 2.118287 0.289907
