-0.225729 -1.974223 0.014294
-0.225729 -1.974223 0.670541
0.277945 -2.267491 0.014294
0.277945 -2.267491 0.670541
0.153026 -1.323728 0.014294
0.153026 -1.323728 0.670541
0.656701 -1.616996 0.014294
0.656701 -1.616996 0.670541
1.329569 1.661001 0.002782
1.329569 1.661001 0.604568
-0.292861 2.531020 0.002782
-0.292861 2.531020 0.604568
1.504289 1.986823 0.002782
1.504289 1.986823 0.604568
-0.118140 2.856843 0.002782
-0.118140 2.856843 0.604568
0.809391 -1.008317 -0.008573
0.803920 -1.008317 0.309845
0.939615 -0.768714 -0.006336
0.934144 -0.768714 0.312083
0.976587 -1.099214 -0.005700
0.971115 -1.099214 0.312718
1.106811 -0.859612 -0.003463
1.101339 -0.859612 0.314956
0.556493 -1.655585 0.841973
0.556493 -1.655585 1.134790
0.124654 -1.499793 0.841973
0.124654 -1.499793 1.134790
0.324724 -2.298026 0.841973
0.324724 -2.298026 1.134790
-0.107115 -2.142234 0.841973
-0.107115 -2.142234 1.134790
-0.447388 0.446015 0.005187
-0.447321 0.448309 0.486480
-1.199482 0.870097 0.003270
-1.199415 0.872390 0.484563
0.454807 2.045992 -0.002563
0.454874 2.048285 0.478730
-0.297287 2.470074 -0.004480
-0.297220 2.472367 0.476813
1.481023 0.419738 0.004251
1.473355 0.419738 0.450511
1.718924 0.857458 0.008339
1.711256 0.857458 0.454599
1.744396 0.276552 0.008777
1.736728 0.276552 0.455037
1.982297 0.714272 0.012865
1.974629 0.714272 0.459125
