-0.152893 1.594085 0.000000
-0.152893 1.594085 0.380000
1.053050 -0.081632 0.000000
1.053050 -0.081632 0.380000
-1.525633 0.606181 0.000000
-1.525633 0.606181 0.380000
-0.319689 -1.069535 0.000000
-0.319689 -1.069535 0.380000
0.277645 1.318785 0.000079
0.277645 1.318785 0.355921
0.038022 1.685635 0.000079
0.038022 1.685635 0.355921
0.582587 1.517970 0.000079
0.582587 1.517970 0.355921
0.342963 1.884820 0.000079
0.342963 1.884820 0.355921
-1.773090 -0.032428 0.000000
-1.773090 -0.032428 0.360000
-2.012713 0.334421 0.000000
-2.012713 0.334421 0.360000
-1.468149 0.166757 0.000000
-1.468149 0.166757 0.360000
-1.707773 0.533607 0.000000
-1.707773 0.533607 0.360000
