2.592911 -1.338144 0.741410
2.559550 -1.303995 0.407804
2.323506 -1.534060 0.748296
2.290145 -1.499910 0.414690
0.360918 -1.460994 0.724587
0.370525 -1.414105 0.390123
-0.025249 -1.321314 0.733076
-0.015641 -1.274425 0.398612
2.560429 -1.303679 0.422129
2.372602 -1.052822 0.422129
2.303127 -1.496332 0.422129
2.115299 -1.245475 0.422129
-0.328050 0.292083 0.422129
-0.052164 0.086221 0.422129
-0.079149 0.625648 0.422129
0.196737 0.419786 0.422129
0.384227 -1.416647 0.399742
0.509584 -1.065886 0.399742
-0.013130 -1.274637 0.399742
0.112228 -0.923876 0.399742
1.846716 0.113476 0.407245
1.811708 -0.257363 0.407245
2.266818 0.073818 0.407245
2.231811 -0.297022 0.407245
1.953640 -1.638887 0.710505
2.475398 -0.524512 0.710505
0.065405 -0.754803 0.710505
0.587163 0.359573 0.710505
1.858371 0.162201 0.726153
1.860621 0.114390 0.391689
2.267055 0.122042 0.734642
2.269305 0.074232 0.400178
0.691351 0.707045 0.729737
0.704488 0.661026 0.395309
1.073740 0.758246 0.737712
1.086877 0.712226 0.403284
0.702071 0.653941 0.410590
0.748488 0.362897 0.410590
1.092088 0.716143 0.410590
1.138506 0.425099 0.410590
-0.371394 0.327523 0.741038
-0.329432 0.304499 0.406573
-0.123919 0.655230 0.749527
-0.081958 0.632205 0.415062
