-0.327131 -1.458503 0.006295
-0.327131 -1.458503 0.282910
-0.315031 -1.411605 0.006295
-0.315031 -1.411605 0.282910
-0.297470 -1.367650 0.006295
-0.297470 -1.367650 0.282910
-0.275121 -1.328327 0.006295
-0.275121 -1.328327 0.282910
-0.248846 -1.295147 0.006295
-0.248846 -1.295147 0.282910
-0.219652 -1.269386 0.006295
-0.219652 -1.269386 0.282910
-0.188662 -1.252033 0.006295
-0.188662 -1.252033 0.282910
-0.157066 -1.243756 0.006295
-0.157066 -1.243756 0.282910
-0.126080 -1.244872 0.006295
-0.126080 -1.244872 0.282910
-0.096894 -1.255338 0.006295
-0.096894 -1.255338 0.282910
-0.070629 -1.274752 0.006295
-0.070629 -1.274752 0.282910
-0.048295 -1.302369 0.006295
-0.048295 -1.302369 0.282910
-0.030749 -1.337127 0.006295
-0.030749 -1.337127 0.282910
-0.018668 -1.377690 0.006295
-0.018668 -1.377690 0.282910
-0.012513 -1.422499 0.006295
-0.012513 -1.422499 0.282910
-0.012523 -1.469832 0.006295
-0.012523 -1.469832 0.282910
-0.018697 -1.517871 0.006295
-0.018697 -1.517871 0.282910
-0.030797 -1.564769 0.006295
-0.030797 -1.564769 0.282910
-0.048358 -1.608724 0.006295
-0.048358 -1.608724 0.282910
-0.070706 -1.648047 0.006295
-0.070706 -1.648047 0.282910
-0.096982 -1.681226 0.006295
-0.096982 -1.681226 0.282910
-0.126176 -1.706988 0.006295
-0.126176 -1.706988 0.282910
-0.157166 -1.724340 0.006295
-0.157166 -1.724340 0.282910
-0.188761 -1.732618 0.006295
-0.188761 -1.732618 0.282910
-0.219748 -1.731502 0.006295
-0.219748 -1.731502 0.282910
-0.248934 -1.721036 0.006295
-0.248934 -1.721036 0.282910
-0.275199 -1.701621 0.006295
-0.275199 -1.701621 0.282910
-0.297533 -1.674004 0.006295
-0.297533 -1.674004 0.282910
-0.315078 -1.639247 0.006295
-0.315078 -1.639247 0.282910
-0.327160 -1.598684 0.006295
-0.327160 -1.598684 0.282910
-0.333315 -1.553875 0.006295
-0.333315 -1.553875 0.282910
-0.333305 -1.506542 0.006295
-0.333305 -1.506542 0.282910
