0.739794 2.561499 0.030630
0.739794 2.561499 0.728903
0.385461 2.839355 0.030630
0.385461 2.839355 0.728903
0.320807 2.027191 0.030630
0.320807 2.027191 0.728903
-0.033525 2.305047 0.030630
-0.033525 2.305047 0.728903
-0.152060 -1.183939 0.000000
-0.152060 -1.183939 0.360000
0.912089 0.252816 0.000000
0.912089 0.252816 0.360000
0.629701 -1.762959 0.000000
0.629701 -1.762959 0.360000
1.693849 -0.326203 0.000000
1.693849 -0.326203 0.360000
0.012494 -1.192372 -0.007769
0.012494 -1.192372 0.511418
-0.078704 -1.351949 -0.007769
-0.078704 -1.351949 0.511418
0.604471 -1.530685 -0.007769
0.604471 -1.530685 0.511418
0.513274 -1.690262 -0.007769
0.513274 -1.690262 0.511418
0.809788 2.698584 0.773073
0.809788 2.698584 1.065890
0.410986 2.925989 0.773073
0.410986 2.925989 1.065890
0.471480 2.105292 0.773073
0.471480 2.105292 1.065890
0.072678 2.332698 0.773073
0.072678 2.332698 1.065890
0.464791 -1.669816 0.003991
0.464791 -1.669816 0.775441
0.613249 -1.778647 0.003991
0.613249 -1.778647 0.775441
1.558861 -0.177385 0.003991
1.558861 -0.177385 0.775441
1.707318 -0.286216 0.003991
1.707318 -0.286216 0.775441
1.068870 0.173054 -0.002080
1.068870 0.173054 0.517106
0.959722 0.025175 -0.002080
0.959722 0.025175 0.517106
1.617455 -0.231851 -0.002080
1.617455 -0.231851 0.517106
1.508307 -0.379730 -0.002080
1.508307 -0.379730 0.517106
-0.356534 -2.470848 0.000000
-0.356534 -2.470848 0.500000
0.141486 -1.791855 0.000000
0.141486 -1.791855 0.500000
-0.048783 -2.696574 0.000000
-0.048783 -2.696574 0.500000
0.449237 -2.017581 0.000000
0.449237 -2.017581 0.500000
-1.062709 0.994779 0.000441
-1.062709 0.994779 0.315747
-0.754698 1.410639 0.000441
-0.754698 1.410639 0.315747
-0.848814 0.836355 0.000441
-0.848814 0.836355 0.315747
-0.540804 1.252215 0.000441
-0.540804 1.252215 0.315747
1.711730 0.953778 0.011559
1.711730 0.953778 0.384147
2.038658 1.487068 0.011559
2.038658 1.487068 0.384147
2.019584 0.765051 0.011559
2.019584 0.765051 0.384147
2.346512 1.298341 0.011559
2.346512 1.298341 0.384147
