2.544208 0.337485 0.735805
2.544208 0.337485 0.862883
2.583138 0.340510 0.735805
2.583138 0.340510 0.862883
2.621503 0.337455 0.735805
2.621503 0.337455 0.862883
2.657828 0.328438 0.735805
2.657828 0.328438 0.862883
2.690719 0.313806 0.735805
2.690719 0.313806 0.862883
2.718910 0.294121 0.735805
2.718910 0.294121 0.862883
2.741318 0.270140 0.735805
2.741318 0.270140 0.862883
2.757083 0.242783 0.735805
2.757083 0.242783 0.862883
2.765598 0.213103 0.735805
2.765598 0.213103 0.862883
2.766537 0.182240 0.735805
2.766537 0.182240 0.862883
2.759862 0.151379 0.735805
2.759862 0.151379 0.862883
2.745831 0.121708 0.735805
2.745831 0.121708 0.862883
2.724983 0.094366 0.735805
2.724983 0.094366 0.862883
2.698119 0.070403 0.735805
2.698119 0.070403 0.862883
2.666271 0.050742 0.735805
2.666271 0.050742 0.862883
2.630663 0.036137 0.735805
2.630663 0.036137 0.862883
2.592664 0.027149 0.735805
2.592664 0.027149 0.862883
2.553734 0.024125 0.735805
2.553734 0.024125 0.862883
2.515369 0.027180 0.735805
2.515369 0.027180 0.862883
2.479043 0.036196 0.735805
2.479043 0.036196 0.862883
2.446153 0.050828 0.735805
2.446153 0.050828 0.862883
2.417962 0.070513 0.735805
2.417962 0.070513 0.862883
2.395553 0.094495 0.735805
2.395553 0.094495 0.862883
2.379789 0.121852 0.735805
2.379789 0.121852 0.862883
2.371274 0.151532 0.735805
2.371274 0.151532 0.862883
2.370335 0.182395 0.735805
2.370335 0.182395 0.862883
2.377010 0.213255 0.735805
2.377010 0.213255 0.862883
2.391041 0.242927 0.735805
2.391041 0.242927 0.862883
2.411889 0.270269 0.735805
2.411889 0.270269 0.862883
2.438753 0.294231 0.735805
2.438753 0.294231 0.862883
2.470601 0.313893 0.735805
2.470601 0.313893 0.862883
2.506209 0.328498 0.735805
2.506209 0.328498 0.862883
2.525166 -0.401641 0.010965
2.525166 -0.401641 0.287580
2.573505 -0.404659 0.010965
2.573505 -0.404659 0.287580
2.619987 -0.413596 0.010965
2.619987 -0.413596 0.287580
2.662826 -0.428109 0.010965
2.662826 -0.428109 0.287580
2.700373 -0.447639 0.010965
2.700373 -0.447639 0.287580
2.731188 -0.471438 0.010965
2.731188 -0.471438 0.287580
2.754086 -0.498590 0.010965
2.754086 -0.498590 0.287580
2.768186 -0.528051 0.010965
2.768186 -0.528051 0.287580
2.772947 -0.558689 0.010965
2.772947 -0.558689 0.287580
2.768186 -0.589328 0.010965
2.768186 -0.589328 0.287580
2.754086 -0.618789 0.010965
2.754086 -0.618789 0.287580
2.731188 -0.645940 0.010965
2.731188 -0.645940 0.287580
2.700373 -0.669739 0.010965
2.700373 -0.669739 0.287580
2.662826 -0.689270 0.010965
2.662826 -0.689270 0.287580
2.619987 -0.703783 0.010965
2.619987 -0.703783 0.287580
2.573505 -0.712720 0.010965
2.573505 -0.712720 0.287580
2.525166 -0.715737 0.010965
2.525166 -0.715737 0.287580
2.476826 -0.712720 0.010965
2.476826 -0.712720 0.287580
2.430344 -0.703783 0.010965
2.430344 -0.703783 0.287580
2.387506 -0.689270 0.010965
2.387506 -0.689270 0.287580
2.349958 -0.669739 0.010965
2.349958 -0.669739 0.287580
2.319143 -0.645940 0.010965
2.319143 -0.645940 0.287580
2.296245 -0.618789 0.010965
2.296245 -0.618789 0.287580
2.282145 -0.589328 0.010965
2.282145 -0.589328 0.287580
2.277384 -0.558689 0.010965
2.277384 -0.558689 0.287580
2.282145 -0.528051 0.010965
2.282145 -0.528051 0.287580
2.296245 -0.498590 0.010965
2.296245 -0.498590 0.287580
2.319143 -0.471438 0.010965
2.319143 -0.471438 0.287580
2.349957 -0.447639 0.010965
2.349957 -0.447639 0.287580
2.387506 -0.428109 0.010965
2.387506 -0.428109 0.287580
2.430344 -0.413596 0.010965
2.430344 -0.413596 0.287580
2.476826 -0.404659 0.010965
2.476826 -0.404659 0.287580
