2.683774 0.603261 -0.005931
2.683774 0.603261 0.692342
2.678474 1.008628 -0.005931
2.678474 1.008628 0.692342
2.055744 0.595050 -0.005931
2.055744 0.595050 0.692342
2.050444 1.000417 -0.005931
2.050444 1.000417 0.692342
-3.045974 -0.041307 0.001706
-3.045974 -0.041307 0.645150
-3.045974 0.238285 0.001706
-3.045974 0.238285 0.645150
-2.620847 -0.041307 0.001706
-2.620847 -0.041307 0.645150
-2.620847 0.238285 0.001706
-2.620847 0.238285 0.645150
-0.682252 0.495603 0.000000
-0.682252 0.495603 0.360000
-0.680767 1.142224 0.000000
-0.680767 1.142224 0.360000
0.599377 0.492658 0.000000
0.599377 0.492658 0.360000
0.600863 1.139279 0.000000
0.600863 1.139279 0.360000
0.591718 0.494331 0.004840
0.591718 0.494331 0.528566
0.593204 1.140949 0.004840
0.593204 1.140949 0.528566
0.764763 0.493933 0.004840
0.764763 0.493933 0.528566
0.766249 1.140551 0.004840
0.766249 1.140551 0.528566
-0.820078 0.494331 0.004840
-0.820078 0.494331 0.528566
-0.818592 1.140949 0.004840
-0.818592 1.140949 0.528566
-0.647033 0.493933 0.004840
-0.647033 0.493933 0.528566
-0.645548 1.140551 0.004840
-0.645548 1.140551 0.528566
-3.067347 0.288796 -0.000485
-3.067347 0.288796 0.466485
-3.067347 1.331231 -0.000485
-3.067347 1.331231 0.466485
-1.034619 0.288796 -0.000485
-1.034619 0.288796 0.466485
-1.034619 1.331231 -0.000485
-1.034619 1.331231 0.466485
-0.818518 1.158597 -0.002935
-0.818518 1.158597 0.754726
-0.818066 1.355084 -0.002935
-0.818066 1.355084 0.754726
0.757824 1.154976 -0.002935
0.757824 1.154976 0.754726
0.758275 1.351462 -0.002935
0.758275 1.351462 0.754726
1.957742 1.051665 0.003168
1.957742 1.051665 0.540842
1.753669 1.401941 0.003168
1.753669 1.401941 0.540842
1.507978 0.789629 0.003168
1.507978 0.789629 0.540842
1.303905 1.139904 0.003168
1.303905 1.139904 0.540842
