2.085618 -0.506154 0.723656
2.709852 -0.505520 0.723656
2.084024 1.062304 0.723656
2.708258 1.062938 0.723656
-0.779253 -0.632943 0.422129
-0.438638 -0.482181 0.422129
-0.950042 -0.247080 0.422129
-0.609428 -0.096318 0.422129
1.465460 0.277072 0.446747
1.761752 0.015948 0.446747
1.710015 0.554564 0.446747
2.006307 0.293440 0.446747
1.620483 0.623572 0.807055
1.710497 0.547398 0.453044
1.377509 0.349959 0.804149
1.467522 0.273785 0.450138
0.606993 -0.622787 0.423459
1.057573 -0.701026 0.423459
0.681903 -0.191378 0.423459
1.132483 -0.269617 0.423459
1.229296 -0.302884 0.869742
1.131838 -0.273439 0.423912
1.152664 -0.728511 0.858384
1.055206 -0.699066 0.412553
-0.966523 -0.709180 0.823601
-0.783949 -0.631643 0.411534
-1.138069 -0.306319 0.823399
-0.955495 -0.228783 0.411332
