0.049936 0.194214 0.681781
-0.031222 0.186214 0.681781
-0.109261 0.162522 0.681781
-0.181182 0.124048 0.681781
-0.244221 0.072270 0.681781
-0.295956 0.009179 0.681781
-0.334398 -0.062802 0.681781
-0.358071 -0.140905 0.681781
-0.366064 -0.222130 0.681781
-0.358071 -0.303355 0.681781
-0.334398 -0.381458 0.681781
-0.295956 -0.453438 0.681781
-0.244221 -0.516530 0.681781
-0.181182 -0.568308 0.681781
-0.109261 -0.606782 0.681781
-0.031222 -0.630474 0.681781
0.049936 -0.638474 0.681781
0.131093 -0.630474 0.681781
0.209132 -0.606782 0.681781
0.281053 -0.568307 0.681781
0.344092 -0.516530 0.681781
0.395827 -0.453438 0.681781
0.434269 -0.381458 0.681781
0.457942 -0.303355 0.681781
0.465936 -0.222130 0.681781
0.457942 -0.140905 0.681781
0.434269 -0.062802 0.681781
0.395827 0.009178 0.681781
0.344092 0.072270 0.681781
0.281053 0.124048 0.681781
0.209132 0.162522 0.681781
0.131093 0.186214 0.681781
