3.138287 0.825547 0.719005
3.138558 0.824362 0.785012
3.125350 0.832269 0.719179
3.125621 0.831084 0.785186
3.114007 0.841501 0.719391
3.114278 0.840316 0.785399
3.104693 0.852888 0.719634
3.104964 0.851704 0.785641
3.097766 0.865993 0.719897
3.098037 0.864808 0.785905
3.093493 0.880312 0.720172
3.093764 0.879127 0.786179
3.092037 0.895294 0.720447
3.092308 0.894110 0.786454
3.093456 0.910365 0.720711
3.093727 0.909180 0.786719
3.097693 0.924944 0.720956
3.097964 0.923759 0.786963
3.104587 0.938472 0.721170
3.104858 0.937287 0.787178
3.113872 0.950428 0.721347
3.114143 0.949243 0.787354
3.125191 0.960354 0.721478
3.125463 0.959169 0.787486
3.138111 0.967867 0.721560
3.138382 0.966682 0.787568
3.152133 0.972679 0.721589
3.152404 0.971495 0.787597
3.166719 0.974606 0.721564
3.166991 0.973421 0.787571
3.181310 0.973572 0.721485
3.181581 0.972387 0.787493
3.195343 0.969618 0.721357
3.195614 0.968434 0.787364
3.208280 0.962896 0.721183
3.208551 0.961712 0.787190
3.219623 0.953664 0.720970
3.219894 0.952479 0.786978
3.228937 0.942277 0.720728
3.229208 0.941092 0.786735
3.235864 0.929172 0.720464
3.236135 0.927987 0.786472
3.240137 0.914853 0.720190
3.240408 0.913669 0.786197
3.241593 0.899871 0.719915
3.241864 0.898686 0.785922
3.240174 0.884800 0.719650
3.240445 0.883616 0.785658
3.235937 0.870221 0.719406
3.236208 0.869036 0.785413
3.229043 0.856694 0.719191
3.229314 0.855509 0.785199
3.219758 0.844737 0.719015
3.220029 0.843552 0.785022
3.208438 0.834812 0.718883
3.208710 0.833627 0.784891
3.195519 0.827298 0.718801
3.195790 0.826114 0.784809
3.181497 0.822486 0.718772
3.181768 0.821301 0.784780
3.166910 0.820560 0.718798
3.167181 0.819375 0.784805
3.152320 0.821593 0.718876
3.152591 0.820408 0.784884
