1.654577 0.065788 0.063843
1.854675 0.059039 1.319319
1.374295 1.056150 0.113839
1.574393 1.049401 1.369314
1.838453 0.119291 0.034825
2.038551 0.112542 1.290300
1.558170 1.109653 0.084820
1.758269 1.102904 1.340296
-0.034067 -0.473301 -0.004000
-0.034067 -0.473301 0.445236
-0.293677 0.550231 -0.004000
-0.293677 0.550231 0.445236
0.334690 -0.379769 -0.004000
0.334690 -0.379769 0.445236
0.075080 0.643762 -0.004000
0.075080 0.643762 0.445236
-0.090575 -0.497070 0.080729
-0.301933 -0.503819 1.334358
-0.372146 0.493292 0.038589
-0.583503 0.486543 1.292218
0.092938 -0.443566 0.111956
-0.118419 -0.450315 1.365586
-0.188632 0.546796 0.069816
-0.399989 0.540047 1.323446
3.835067 0.695875 0.010315
4.035165 0.689126 1.265791
3.554785 1.686237 0.060311
3.754883 1.679488 1.315787
4.018943 0.749379 -0.018703
4.219041 0.742630 1.236773
3.738661 1.739740 0.031292
3.938759 1.732991 1.286768
1.391402 -0.092818 -0.004000
1.391402 -0.092818 0.445236
1.112525 0.925632 -0.004000
1.112525 0.925632 0.445236
1.758328 0.007656 -0.004000
1.758328 0.007656 0.445236
1.479451 1.026106 -0.004000
1.479451 1.026106 0.445236
2.115880 0.085303 0.080729
1.904522 0.078554 1.334358
1.834309 1.075665 0.038589
1.622952 1.068916 1.292218
2.299393 0.138807 0.111956
2.088036 0.132057 1.365586
2.017823 1.129169 0.069816
1.806465 1.122419 1.323446
-0.034067 -0.473301 -0.004000
-0.034067 -0.473301 0.445236
-0.293677 0.550231 -0.004000
-0.293677 0.550231 0.445236
0.334690 -0.379769 -0.004000
0.334690 -0.379769 0.445236
0.075080 0.643762 -0.004000
0.075080 0.643762 0.445236
2.207545 0.128648 -0.004000
2.207545 0.128648 0.445236
1.928667 1.147098 -0.004000
1.928667 1.147098 0.445236
2.574471 0.229121 -0.004000
2.574471 0.229121 0.445236
2.295593 1.247572 -0.004000
2.295593 1.247572 0.445236
3.626354 0.540559 0.005843
3.626354 0.540559 0.455078
3.297532 1.543998 0.005843
3.297532 1.543998 0.455078
3.987871 0.659026 0.005843
3.987871 0.659026 0.455078
3.659050 1.662466 0.005843
3.659050 1.662466 0.455078
