0.083957 1.772118 1.627004
0.083957 1.772118 1.865406
0.112825 1.737367 1.627004
0.112825 1.737367 1.865406
0.135996 1.699559 1.627004
0.135996 1.699559 1.865406
0.152580 1.660148 1.627004
0.152580 1.660148 1.865406
0.161938 1.620648 1.627004
0.161938 1.620648 1.865406
0.163711 1.582578 1.627004
0.163711 1.582578 1.865406
0.157832 1.547400 1.627004
0.157832 1.547400 1.865406
0.144526 1.516466 1.627004
0.144526 1.516466 1.865406
0.124304 1.490965 1.627004
0.124304 1.490965 1.865406
0.097943 1.471878 1.627004
0.097943 1.471878 1.865406
0.066457 1.459936 1.627004
0.066457 1.459936 1.865406
0.031056 1.455600 1.627004
0.031056 1.455600 1.865406
-0.006901 1.459036 1.627004
-0.006901 1.459036 1.865406
-0.045953 1.470112 1.627004
-0.045953 1.470112 1.865406
-0.084602 1.488402 1.627004
-0.084602 1.488402 1.865406
-0.121360 1.513204 1.627004
-0.121360 1.513204 1.865406
-0.154817 1.543564 1.627004
-0.154817 1.543564 1.865406
-0.183685 1.578316 1.627004
-0.183685 1.578316 1.865406
-0.206857 1.616124 1.627004
-0.206857 1.616124 1.865406
-0.223440 1.655535 1.627004
-0.223440 1.655535 1.865406
-0.232798 1.695034 1.627004
-0.232798 1.695034 1.865406
-0.234572 1.733105 1.627004
-0.234572 1.733105 1.865406
-0.228692 1.768283 1.627004
-0.228692 1.768283 1.865406
-0.215386 1.799216 1.627004
-0.215386 1.799216 1.865406
-0.195164 1.824717 1.627004
-0.195164 1.824717 1.865406
-0.168803 1.843805 1.627004
-0.168803 1.843805 1.865406
-0.137317 1.855747 1.627004
-0.137317 1.855747 1.865406
-0.101916 1.860083 1.627004
-0.101916 1.860083 1.865406
-0.063960 1.856647 1.627004
-0.063960 1.856647 1.865406
-0.024907 1.845571 1.627004
-0.024907 1.845571 1.865406
0.013741 1.827280 1.627004
0.013741 1.827280 1.865406
0.050500 1.802479 1.627004
0.050500 1.802479 1.865406
