-1.679115 -0.249143 0.000000
-1.679115 -0.249143 0.318000
-1.545229 0.508493 0.000000
-1.545229 0.508493 0.318000
-0.800978 -0.404324 0.000000
-0.800978 -0.404324 0.318000
-0.667091 0.353312 0.000000
-0.667091 0.353312 0.318000
-1.894506 1.763956 0.000000
-1.894506 1.763956 0.318000
-1.805755 2.416402 0.000000
-1.805755 2.416402 0.318000
0.478104 1.441216 0.000000
0.478104 1.441216 0.318000
0.566854 2.093662 0.000000
0.566854 2.093662 0.318000
0.586624 2.199299 0.000004
0.586624 2.199299 0.592884
0.821823 2.166351 0.000004
0.821823 2.166351 0.592884
0.358720 0.572381 0.000004
0.358720 0.572381 0.592884
0.593920 0.539434 0.000004
0.593920 0.539434 0.592884
-0.191283 1.626843 0.000000
-0.191283 1.626843 0.318000
0.455931 1.536179 0.000000
0.455931 1.536179 0.318000
-0.334943 0.601309 0.000000
-0.334943 0.601309 0.318000
0.312271 0.510645 0.000000
0.312271 0.510645 0.318000
-2.495260 0.393808 0.000000
-2.495260 0.393808 0.318000
-2.391559 1.156161 0.000000
-2.391559 1.156161 0.318000
-1.611653 0.273613 0.000000
-1.611653 0.273613 0.318000
-1.507952 1.035966 0.000000
-1.507952 1.035966 0.318000
0.808674 2.323107 0.000004
0.808674 2.323107 0.592884
0.771594 2.059044 0.000004
0.771594 2.059044 0.592884
-1.800899 2.689546 0.000004
-1.800899 2.689546 0.592884
-1.837979 2.425483 0.000004
-1.837979 2.425483 0.592884
