-0.655395 -2.597307 -0.001531
-0.655395 -2.597307 0.443737
-0.561287 -2.195402 -0.001531
-0.561287 -2.195402 0.443737
1.147697 -3.019507 -0.001531
1.147697 -3.019507 0.443737
1.241805 -2.617602 -0.001531
1.241805 -2.617602 0.443737
-0.209582 0.564477 -0.007988
-0.209582 0.564477 0.341292
-0.000014 1.178606 -0.007988
-0.000014 1.178606 0.341292
1.548182 -0.035349 -0.007988
1.548182 -0.035349 0.341292
1.757750 0.578779 -0.007988
1.757750 0.578779 0.341292
1.560340 -0.031521 0.005178
1.560340 -0.031521 0.585075
1.769174 0.580456 0.005178
1.769174 0.580456 0.585075
1.790814 -0.110169 0.005178
1.790814 -0.110169 0.585075
1.999648 0.501809 0.005178
1.999648 0.501809 0.585075
-0.367399 0.619451 -0.007335
-0.367399 0.619451 0.578639
-0.158565 1.231428 -0.007335
-0.158565 1.231428 0.578639
-0.136925 0.540803 -0.007335
-0.136925 0.540803 0.578639
0.071908 1.152781 -0.007335
0.071908 1.152781 0.578639
-0.154802 1.243937 -0.008647
-0.154802 1.243937 0.589896
-0.091206 1.430302 -0.008647
-0.091206 1.430302 0.589896
1.983599 0.514220 -0.008647
1.983599 0.514220 0.589896
2.047195 0.700585 -0.008647
2.047195 0.700585 0.589896
