1.882722 -2.211952 1.338936
1.882722 -2.211952 1.713434
1.907515 -2.262291 1.338936
1.907515 -2.262291 1.713434
1.923067 -2.315709 1.338936
1.923067 -2.315709 1.713434
1.928780 -2.370154 1.338936
1.928780 -2.370154 1.713434
1.924437 -2.423532 1.338936
1.924437 -2.423532 1.713434
1.910202 -2.473794 1.338936
1.910202 -2.473794 1.713434
1.886623 -2.519006 1.338936
1.886623 -2.519006 1.713434
1.854607 -2.557433 1.338936
1.854607 -2.557433 1.713434
1.815384 -2.587597 1.338936
1.815384 -2.587597 1.713434
1.770460 -2.608338 1.338936
1.770460 -2.608338 1.713434
1.721564 -2.618861 1.338936
1.721564 -2.618861 1.713434
1.670572 -2.618760 1.338936
1.670572 -2.618760 1.713434
1.619446 -2.608039 1.338936
1.619446 -2.608039 1.713434
1.570149 -2.587111 1.338936
1.570149 -2.587111 1.713434
1.524577 -2.556779 1.338936
1.524577 -2.556779 1.713434
1.484480 -2.518210 1.338936
1.484480 -2.518210 1.713434
1.451400 -2.472885 1.338936
1.451400 -2.472885 1.713434
1.426607 -2.422546 1.338936
1.426607 -2.422546 1.713434
1.411055 -2.369128 1.338936
1.411055 -2.369128 1.713434
1.405342 -2.314683 1.338936
1.405342 -2.314683 1.713434
1.409685 -2.261305 1.338936
1.409685 -2.261305 1.713434
1.423920 -2.211043 1.338936
1.423920 -2.211043 1.713434
1.447499 -2.165830 1.338936
1.447499 -2.165830 1.713434
1.479515 -2.127404 1.338936
1.479515 -2.127404 1.713434
1.518738 -2.097240 1.338936
1.518738 -2.097240 1.713434
1.563661 -2.076499 1.338936
1.563661 -2.076499 1.713434
1.612558 -2.065976 1.338936
1.612558 -2.065976 1.713434
1.663550 -2.066077 1.338936
1.663550 -2.066077 1.713434
1.714676 -2.076797 1.338936
1.714676 -2.076797 1.713434
1.763973 -2.097726 1.338936
1.763973 -2.097726 1.713434
1.809545 -2.128058 1.338936
1.809545 -2.128058 1.713434
1.849642 -2.166627 1.338936
1.849642 -2.166627 1.713434
-0.897565 -2.418447 -0.001379
-0.897565 -2.418447 0.373119
-0.882647 -2.448345 -0.001379
-0.882647 -2.448345 0.373119
-0.872944 -2.479903 -0.001379
-0.872944 -2.479903 0.373119
-0.868828 -2.511906 -0.001379
-0.868828 -2.511906 0.373119
-0.870457 -2.543125 -0.001379
-0.870457 -2.543125 0.373119
-0.877768 -2.572360 -0.001379
-0.877768 -2.572360 0.373119
-0.890482 -2.598489 -0.001379
-0.890482 -2.598489 0.373119
-0.908109 -2.620505 -0.001379
-0.908109 -2.620505 0.373119
-0.929971 -2.637565 -0.001379
-0.929971 -2.637565 0.373119
-0.955229 -2.649011 -0.001379
-0.955229 -2.649011 0.373119
-0.982912 -2.654405 -0.001379
-0.982912 -2.654405 0.373119
-1.011956 -2.653538 -0.001379
-1.011956 -2.653538 0.373119
-1.041245 -2.646445 -0.001379
-1.041245 -2.646445 0.373119
-1.069654 -2.633398 -0.001379
-1.069654 -2.633398 0.373119
-1.096090 -2.614897 -0.001379
-1.096090 -2.614897 0.373119
-1.119538 -2.591655 -0.001379
-1.119538 -2.591655 0.373119
-1.139097 -2.564564 -0.001379
-1.139097 -2.564564 0.373119
-1.154015 -2.534665 -0.001379
-1.154015 -2.534665 0.373119
-1.163718 -2.503108 -0.001379
-1.163718 -2.503108 0.373119
-1.167835 -2.471105 -0.001379
-1.167835 -2.471105 0.373119
-1.166205 -2.439886 -0.001379
-1.166205 -2.439886 0.373119
-1.158894 -2.410650 -0.001379
-1.158894 -2.410650 0.373119
-1.146180 -2.384522 -0.001379
-1.146180 -2.384522 0.373119
-1.128554 -2.362505 -0.001379
-1.128554 -2.362505 0.373119
-1.106691 -2.345446 -0.001379
-1.106691 -2.345446 0.373119
-1.081433 -2.333999 -0.001379
-1.081433 -2.333999 0.373119
-1.053750 -2.328606 -0.001379
-1.053750 -2.328606 0.373119
-1.024706 -2.329472 -0.001379
-1.024706 -2.329472 0.373119
-0.995417 -2.336565 -0.001379
-0.995417 -2.336565 0.373119
-0.967008 -2.349613 -0.001379
-0.967008 -2.349613 0.373119
-0.940572 -2.368114 -0.001379
-0.940572 -2.368114 0.373119
-0.917124 -2.391356 -0.001379
-0.917124 -2.391356 0.373119
