0.892035 -1.610893 0.723656
1.276471 -0.344803 0.723656
-0.954602 -1.050178 0.723656
-0.570165 0.215911 0.723656
2.268456 0.601112 0.869742
2.233278 0.505574 0.423912
2.688783 0.499348 0.858384
2.653605 0.403810 0.412553
-2.077463 0.984259 0.460098
-1.491261 0.816393 0.460098
-1.919332 1.536462 0.460098
-1.333130 1.368595 0.460098
2.550852 -0.039084 0.423459
2.655702 0.406057 0.423459
2.124651 0.061304 0.423459
2.229501 0.506445 0.423459
1.959432 -0.415387 0.423459
2.401043 -0.534228 0.423459
2.073216 0.007434 0.423459
2.514828 -0.111407 0.423459
1.959300 -3.337859 0.468191
3.004996 0.507290 0.468191
1.706832 -3.269200 0.468191
2.752529 0.575949 0.468191
1.244482 -2.971669 0.437871
1.825150 -3.137951 0.437871
1.386856 -2.474491 0.437871
1.967523 -2.640772 0.437871
1.427108 -1.261503 0.423459
1.866759 -1.387403 0.423459
1.547651 -0.840559 0.423459
1.987302 -0.966459 0.423459
2.080009 -1.009872 0.869742
1.986252 -0.970190 0.423912
1.958372 -1.424884 0.858384
1.864614 -1.385202 0.412553
2.608218 -0.153329 0.869742
2.513837 -0.115154 0.423912
2.493245 -0.570236 0.858384
2.398864 -0.532061 0.412553
