-0.050105 -2.363388 -0.004046
-0.050105 -2.363388 0.553078
0.040858 -1.982805 -0.004046
0.040858 -1.982805 0.553078
0.460681 -2.485471 -0.004046
0.460681 -2.485471 0.553078
0.551644 -2.104887 -0.004046
0.551644 -2.104887 0.553078
0.714749 -0.583987 0.017204
0.714749 -0.583987 0.957377
1.090828 0.957330 0.017204
1.090828 0.957330 0.957377
1.049865 -0.665755 0.017204
1.049865 -0.665755 0.957377
1.425944 0.875562 0.017204
1.425944 0.875562 0.957377
-1.053154 0.184365 0.000886
-1.053154 0.184365 0.558011
-0.912080 0.597431 0.000886
-0.912080 0.597431 0.558011
-0.474005 -0.013431 0.000886
-0.474005 -0.013431 0.558011
-0.332931 0.399634 0.000886
-0.332931 0.399634 0.558011
