0.631645 -0.543929 0.010965
0.631645 -0.543929 0.287580
0.679985 -0.546946 0.010965
0.679985 -0.546946 0.287580
0.726467 -0.555883 0.010965
0.726467 -0.555883 0.287580
0.769305 -0.570396 0.010965
0.769305 -0.570396 0.287580
0.806853 -0.589927 0.010965
0.806853 -0.589927 0.287580
0.837668 -0.613726 0.010965
0.837668 -0.613726 0.287580
0.860566 -0.640877 0.010965
0.860566 -0.640877 0.287580
0.874666 -0.670338 0.010965
0.874666 -0.670338 0.287580
0.879427 -0.700977 0.010965
0.879427 -0.700977 0.287580
0.874666 -0.731615 0.010965
0.874666 -0.731615 0.287580
0.860566 -0.761077 0.010965
0.860566 -0.761077 0.287580
0.837668 -0.788228 0.010965
0.837668 -0.788228 0.287580
0.806853 -0.812027 0.010965
0.806853 -0.812027 0.287580
0.769305 -0.831558 0.010965
0.769305 -0.831558 0.287580
0.726467 -0.846070 0.010965
0.726467 -0.846070 0.287580
0.679985 -0.855007 0.010965
0.679985 -0.855007 0.287580
0.631645 -0.858025 0.010965
0.631645 -0.858025 0.287580
0.583306 -0.855007 0.010965
0.583306 -0.855007 0.287580
0.536823 -0.846070 0.010965
0.536823 -0.846070 0.287580
0.493985 -0.831558 0.010965
0.493985 -0.831558 0.287580
0.456437 -0.812027 0.010965
0.456437 -0.812027 0.287580
0.425623 -0.788228 0.010965
0.425623 -0.788228 0.287580
0.402725 -0.761077 0.010965
0.402725 -0.761077 0.287580
0.388625 -0.731615 0.010965
0.388625 -0.731615 0.287580
0.383864 -0.700977 0.010965
0.383864 -0.700977 0.287580
0.388625 -0.670338 0.010965
0.388625 -0.670338 0.287580
0.402725 -0.640877 0.010965
0.402725 -0.640877 0.287580
0.425623 -0.613726 0.010965
0.425623 -0.613726 0.287580
0.456437 -0.589927 0.010965
0.456437 -0.589927 0.287580
0.493985 -0.570396 0.010965
0.493985 -0.570396 0.287580
0.536823 -0.555883 0.010965
0.536823 -0.555883 0.287580
0.583306 -0.546946 0.010965
0.583306 -0.546946 0.287580
