-0.256122 -2.422023 0.815595
0.349384 -2.594083 0.815595
0.215265 -0.763138 0.815595
0.820771 -0.935198 0.815595
0.590622 0.617133 0.805174
0.520171 0.624667 0.438829
0.607011 0.982676 0.809539
0.536560 0.990209 0.443194
-0.426736 -1.283616 0.446747
-0.186009 -1.596705 0.446747
-0.133512 -1.058163 0.446747
0.107215 -1.371253 0.446747
0.529441 0.987229 0.446747
0.135005 1.007089 0.446747
0.510841 0.617820 0.446747
0.116405 0.637680 0.446747
-0.426736 -1.283616 0.446747
-0.186009 -1.596705 0.446747
-0.133512 -1.058163 0.446747
0.107215 -1.371253 0.446747
-1.778944 -2.340509 1.905258
-1.794969 -2.322737 0.924187
-1.345615 -0.939143 1.923566
-1.361639 -0.921371 0.942494
-0.184737 -0.996996 0.805174
-0.144775 -1.055503 0.438829
-0.473584 -1.221624 0.809539
-0.433622 -1.280131 0.443194
0.487532 -2.047596 0.901680
0.552318 -2.032676 1.345295
0.624670 -1.359463 0.858508
0.689457 -1.344544 1.302123
-0.184737 -0.996996 0.805174
-0.144775 -1.055503 0.438829
-0.473584 -1.221624 0.809539
-0.433622 -1.280131 0.443194
-1.007145 0.016037 1.127334
-0.349036 -0.170971 1.127334
-0.490423 1.834464 1.127334
0.167686 1.647456 1.127334
