1.599046 0.470388 0.360681
1.644871 0.894456 0.340421
1.019144 0.533026 0.360122
1.064969 0.957093 0.339862
-1.363040 0.648925 0.426431
-1.128434 -2.175405 0.426431
-1.122122 0.668937 0.426431
-0.887515 -2.155392 0.426431
-0.119797 -2.641632 0.364106
-0.317540 -3.019562 0.343846
0.397022 -2.912017 0.363548
0.199279 -3.289946 0.343287
0.445166 -0.299715 0.503557
1.042316 -0.251861 0.503557
0.398568 0.281767 0.503557
0.995718 0.329621 0.503557
0.562228 -1.133434 0.361910
1.159378 -1.085580 0.361910
0.515630 -0.551952 0.361910
1.112780 -0.504098 0.361910
-0.508540 1.140735 0.468839
2.075150 1.370201 0.468839
-0.529913 1.381381 0.468839
2.053777 1.610847 0.468839
1.721154 -0.495274 0.364106
2.021508 -0.192420 0.343846
1.306992 -0.084567 0.363548
1.607347 0.218287 0.343287
-0.378802 -3.128453 0.765143
-0.321839 -3.007851 0.354047
0.135731 -3.403038 0.755884
0.192694 -3.282435 0.344788
1.652749 1.012998 0.755231
1.644042 0.882942 0.353475
1.073441 1.080380 0.745973
1.064734 0.950324 0.344217
1.587394 -1.261013 0.364106
2.013843 -1.269632 0.343846
1.599153 -0.677857 0.363548
2.025603 -0.686476 0.343287
2.194188 -0.013023 1.117032
2.023834 -0.199420 0.338732
1.783339 0.401133 1.107771
1.612986 0.214736 0.329471
2.138624 -1.275953 0.765143
2.005275 -1.278699 0.354047
2.155162 -0.692971 0.755884
2.021813 -0.695717 0.344788
