-0.755377 -1.839121 0.001846
-0.755377 -1.839121 0.666655
-0.948299 0.513918 0.001846
-0.948299 0.513918 0.666655
-0.498293 -1.818043 0.001846
-0.498293 -1.818043 0.666655
-0.691215 0.534996 0.001846
-0.691215 0.534996 0.666655
-0.599587 -1.827524 0.001846
-0.599587 -1.827524 0.666655
-0.623824 -1.531915 0.001846
-0.623824 -1.531915 0.666655
0.141626 -1.766753 0.001846
0.141626 -1.766753 0.666655
0.117390 -1.471144 0.001846
0.117390 -1.471144 0.666655
-1.120668 -3.496032 -0.079195
-1.120668 -3.496032 0.304008
-1.254988 -2.279035 -0.079195
-1.254988 -2.279035 0.304008
-0.680024 -3.447398 -0.079195
-0.680024 -3.447398 0.304008
-0.814344 -2.230401 -0.079195
-0.814344 -2.230401 0.304008
-0.769452 0.210856 0.001846
-0.769452 0.210856 0.666655
-0.793689 0.506465 0.001846
-0.793689 0.506465 0.666655
-0.028239 0.271627 0.001846
-0.028239 0.271627 0.666655
-0.052475 0.567235 0.001846
-0.052475 0.567235 0.666655
-0.695177 -1.517093 0.004192
-0.695177 -1.517093 0.313620
-0.836536 0.207050 0.004192
-0.836536 0.207050 0.313620
0.178995 -1.445421 0.004192
0.178995 -1.445421 0.313620
0.037635 0.278722 0.004192
0.037635 0.278722 0.313620
-0.700065 -3.315819 -0.076323
-0.700065 -3.315819 0.131131
-0.833872 -2.103475 -0.076323
-0.833872 -2.103475 0.131131
-0.402230 -3.282947 -0.076323
-0.402230 -3.282947 0.131131
-0.536037 -2.070603 -0.076323
-0.536037 -2.070603 0.131131
