-0.339748 -2.175018 1.368510
-0.339748 -2.175018 1.685404
-0.399366 -2.132629 1.368510
-0.399366 -2.132629 1.685404
-0.451675 -2.083734 1.368510
-0.451675 -2.083734 1.685404
-0.494665 -2.030213 1.368510
-0.494665 -2.030213 1.685404
-0.526684 -1.974121 1.368510
-0.526684 -1.974121 1.685404
-0.546502 -1.917615 1.368510
-0.546502 -1.917615 1.685404
-0.553356 -1.862866 1.368510
-0.553356 -1.862866 1.685404
-0.546984 -1.811978 1.368510
-0.546984 -1.811978 1.685404
-0.527629 -1.766906 1.368510
-0.527629 -1.766906 1.685404
-0.496037 -1.729384 1.368510
-0.496037 -1.729384 1.685404
-0.453422 -1.700852 1.368510
-0.453422 -1.700852 1.685404
-0.401420 -1.682407 1.368510
-0.401420 -1.682407 1.685404
-0.342030 -1.674757 1.368510
-0.342030 -1.674757 1.685404
-0.277534 -1.678198 1.368510
-0.277534 -1.678198 1.685404
-0.210412 -1.692597 1.368510
-0.210412 -1.692597 1.685404
-0.143243 -1.717399 1.368510
-0.143243 -1.717399 1.685404
-0.078607 -1.751653 1.368510
-0.078607 -1.751653 1.685404
-0.018989 -1.794042 1.368510
-0.018989 -1.794042 1.685404
0.033321 -1.842937 1.368510
0.033321 -1.842937 1.685404
0.076311 -1.896458 1.368510
0.076311 -1.896458 1.685404
0.108330 -1.952550 1.368510
0.108330 -1.952550 1.685404
0.128147 -2.009056 1.368510
0.128147 -2.009056 1.685404
0.135001 -2.063805 1.368510
0.135001 -2.063805 1.685404
0.128629 -2.114693 1.368510
0.128629 -2.114693 1.685404
0.109275 -2.159765 1.368510
0.109275 -2.159765 1.685404
0.077683 -2.197287 1.368510
0.077683 -2.197287 1.685404
0.035067 -2.225819 1.368510
0.035067 -2.225819 1.685404
-0.016935 -2.244265 1.368510
-0.016935 -2.244265 1.685404
-0.076325 -2.251914 1.368510
-0.076325 -2.251914 1.685404
-0.140820 -2.248473 1.368510
-0.140820 -2.248473 1.685404
-0.207942 -2.234074 1.368510
-0.207942 -2.234074 1.685404
-0.275112 -2.209272 1.368510
-0.275112 -2.209272 1.685404
