-0.835122 -0.571405 0.693182
-0.123520 0.489368 0.693182
-2.515120 0.555595 0.693182
-1.803517 1.616368 0.693182
-1.531881 -1.747097 1.648139
-1.771698 -2.099244 1.648139
-0.742576 -2.284625 1.648139
-0.982393 -2.636771 1.648139
0.656778 3.116263 1.353175
0.232469 2.434607 1.353175
2.125091 2.202286 1.353175
1.700782 1.520630 1.353175
0.662618 3.122946 1.996295
0.238309 2.441290 1.996295
2.130931 2.208969 1.996295
1.706622 1.527313 1.996295
-1.493096 -1.735306 1.029237
-1.732913 -2.087452 1.029237
-0.703791 -2.272833 1.029237
-0.943608 -2.624980 1.029237
-1.519347 -1.748353 1.369660
-1.759164 -2.100499 1.369660
-0.730042 -2.285880 1.369660
-0.969859 -2.638027 1.369660
-1.510048 -1.733693 0.736094
-1.749865 -2.085840 0.736094
-0.720743 -2.271220 0.736094
-0.960560 -2.623367 0.736094
0.690797 3.091183 0.723284
0.266488 2.409527 0.723284
2.159110 2.177206 0.723284
1.734801 1.495550 0.723284
-0.838859 1.606879 0.422129
-1.052283 1.301596 0.422129
-0.493022 1.365103 0.422129
-0.706446 1.059820 0.422129
0.690797 3.091183 0.723284
0.266488 2.409527 0.723284
2.159110 2.177206 0.723284
1.734801 1.495550 0.723284
-2.291649 -0.057179 0.427593
-2.059395 0.234035 0.427593
-2.621549 0.205928 0.427593
-2.389295 0.497142 0.427593
-0.616881 2.688723 0.373588
-0.926040 2.242915 0.373588
-0.167752 2.377261 0.373588
-0.476912 1.931453 0.373588
-1.005687 -2.701054 2.039786
-0.682602 -2.232984 2.039786
-1.005687 -2.701054 0.018911
-0.682602 -2.232984 0.018911
0.252277 2.428003 2.039786
0.656737 3.121620 2.039786
0.252277 2.428003 0.018911
0.656737 3.121620 0.018911
-2.318698 -0.094351 0.895597
-2.287867 -0.065928 0.440200
-2.661934 0.177448 0.889323
-2.631102 0.205871 0.433926
-1.762023 -0.881006 0.843161
-1.692966 -0.761932 0.407046
-2.101022 -0.604726 0.864917
-2.031965 -0.485651 0.428801
-1.695887 -0.751324 0.427593
-1.463634 -0.460109 0.427593
-2.025787 -0.488217 0.427593
-1.793533 -0.197003 0.427593
-1.787196 -2.161718 2.039786
-1.475215 -1.686175 2.039786
-1.787196 -2.161718 0.018911
-1.475215 -1.686175 0.018911
-0.781033 1.740474 0.837698
-0.842442 1.617282 0.401583
-0.425284 1.486125 0.859453
-0.486693 1.362932 0.423338
-0.747436 2.792031 1.062951
-1.058305 2.347427 1.069098
-0.604202 2.682564 0.389074
-0.915071 2.237960 0.395221
-1.492548 -1.745983 0.509145
-1.732365 -2.098130 0.509145
-0.703243 -2.283511 0.509145
-0.943060 -2.635658 0.509145
